model
mse: 4.6929813150459
mae: 1.712058871938982
r2_score: 0.06966825206497251
model
mse: 4.6929813150459
mae: 1.712058871938982
r2_score: 0.06966825206497251
model
mse: 4.6929813150459
mae: 1.712058871938982
r2_score: 0.06966825206497251
